1 0.982322 0.574468 0.035356 0.180225
1 0.906446 0.563830 0.031915 0.146433
1 0.880632 0.565707 0.027222 0.130163
1 0.809293 0.566333 0.038486 0.101377
1 0.668023 0.555695 0.035670 0.107635
1 0.544118 0.559449 0.052566 0.112641
1 0.503755 0.538798 0.030038 0.093867
1 0.468085 0.553191 0.039424 0.102628
1 0.408479 0.596370 0.047872 0.071339
1 0.356852 0.555695 0.044118 0.132666
1 0.315551 0.569462 0.059136 0.122653
1 0.267678 0.559449 0.076033 0.137672
1 0.105757 0.573842 0.050688 0.068836
1 0.049906 0.583229 0.077910 0.080100