1 0.914053 0.958698 0.063444 0.082603
1 0.778818 0.937422 0.058435 0.125156
1 0.724974 0.931164 0.072626 0.137672
1 0.709113 0.909887 0.084313 0.180225
1 0.709948 0.801627 0.085983 0.143930
1 0.638991 0.889862 0.044244 0.220275
1 0.569704 0.884230 0.097670 0.231539
1 0.464522 0.932416 0.082644 0.135168
1 0.256661 0.934293 0.077635 0.131414
1 0.339722 0.937422 0.096835 0.125156
1 0.166087 0.948060 0.095165 0.103880
1 0.083860 0.955569 0.074296 0.088861
1 0.103478 0.926783 0.066783 0.133917
1 0.209495 0.804130 0.071791 0.211514
1 0.310504 0.794743 0.096835 0.202753
1 0.284208 0.668961 0.049252 0.073842
1 0.376452 0.723404 0.041739 0.122653
1 0.413600 0.891114 0.000835 0.000000
1 0.378956 0.814143 0.056765 0.186483
1 0.439896 0.770338 0.060104 0.183980
1 0.415687 0.672090 0.068452 0.110138
1 0.491235 0.667710 0.025878 0.068836
1 0.613948 0.695870 0.032557 0.105131
1 0.662365 0.729662 0.027548 0.137672
1 0.686992 0.695244 0.020035 0.103880
1 0.545913 0.774093 0.025044 0.078849
1 0.485809 0.789737 0.051757 0.120150