1 0.790050 0.640801 0.045056 0.115144
1 0.756727 0.643304 0.044118 0.127660
1 0.760013 0.581352 0.046934 0.093867
1 0.666145 0.576345 0.108886 0.158949
1 0.356852 0.568836 0.032854 0.131414
1 0.324468 0.566333 0.035670 0.118899
1 0.297247 0.566333 0.037547 0.131414
1 0.272372 0.569462 0.025344 0.117647
1 0.186952 0.619524 0.030976 0.162703
1 0.161139 0.610763 0.030038 0.162703
1 0.137203 0.625156 0.036608 0.186483
1 0.099656 0.639549 0.036608 0.167710
1 0.064456 0.655194 0.050688 0.181477
1 0.015332 0.643930 0.030663 0.264080
1 0.053191 0.546308 0.030038 0.046308
1 0.734668 0.492491 0.028160 0.076345
1 0.888611 0.526909 0.031915 0.092616
1 0.654412 0.152065 0.136108 0.204005