1 0.046375 0.642053 0.051605 0.397997
1 0.153331 0.628285 0.054102 0.325407
1 0.127944 0.617647 0.033294 0.321652
1 0.096732 0.617647 0.040785 0.276596
1 0.192034 0.598874 0.033294 0.143930
1 0.358086 0.603880 0.039120 0.146433
1 0.380559 0.605757 0.027467 0.157697
1 0.413853 0.608260 0.032461 0.155194
1 0.444233 0.606383 0.023305 0.166458
1 0.466706 0.607009 0.046611 0.170213
1 0.497087 0.608260 0.055767 0.187735
1 0.529964 0.616395 0.059928 0.183980
1 0.567003 0.619524 0.074078 0.180225
1 0.612366 0.622653 0.063258 0.193992
1 0.649821 0.622653 0.038288 0.191489
1 0.688525 0.634543 0.037455 0.207760
1 0.726396 0.625782 0.029964 0.202753
1 0.745540 0.624531 0.029964 0.217772
1 0.783828 0.636421 0.044946 0.221527
1 0.838762 0.645181 0.044946 0.234043
1 0.887038 0.650188 0.051605 0.241552
1 0.954457 0.642678 0.066587 0.264080