1 0.635638 0.759700 0.021589 0.105131
1 0.692897 0.785357 0.044118 0.091364
1 0.897528 0.685232 0.034731 0.163955
1 0.733260 0.684606 0.049750 0.152691
1 0.661921 0.688360 0.047872 0.157697
1 0.698060 0.601377 0.026283 0.128911
1 0.744524 0.586984 0.030976 0.100125
1 0.539424 0.610763 0.035670 0.102628
1 0.579787 0.568210 0.028160 0.067584
1 0.507040 0.550063 0.023467 0.063830
1 0.278942 0.600125 0.032854 0.088861
1 0.244681 0.602003 0.028160 0.102628
1 0.101533 0.723404 0.072278 0.200250
1 0.087453 0.576345 0.029099 0.073842