1 0.409579 0.635795 0.088746 0.207760
1 0.319996 0.647059 0.075351 0.197747
1 0.175155 0.624531 0.070327 0.220275
1 0.069246 0.628911 0.051071 0.204005
1 0.013902 0.617021 0.027803 0.205257
1 0.617631 0.685232 0.061118 0.226533
1 0.702191 0.657697 0.057769 0.206508
1 0.778797 0.678974 0.045210 0.191489
1 0.889311 0.648936 0.060280 0.163955
1 0.965080 0.635169 0.041024 0.168961
1 0.654887 0.579474 0.056932 0.190238
1 0.575351 0.557572 0.041861 0.181477
1 0.536419 0.558824 0.034326 0.168961
1 0.501674 0.541302 0.040187 0.168961
1 0.467767 0.558824 0.039350 0.148936
1 0.442650 0.560701 0.042699 0.155194
1 0.417114 0.566333 0.036838 0.153942
1 0.384463 0.563830 0.036838 0.173967
1 0.359346 0.568836 0.036838 0.156446
1 0.326694 0.556946 0.050234 0.155194